epoch,train_loss,train_acc,val_loss,val_acc,test_loss,test_acc,epoch_time_sec,train_accuracy_l1_l2,train_f1_macro_l1_l2,train_accuracy_l2_l3,train_f1_macro_l2_l3,train_accuracy_l3_l4,train_f1_macro_l3_l4,train_accuracy_l4_l5,train_f1_macro_l4_l5,train_accuracy_l5_s1,train_f1_macro_l5_s1,train_accuracy_macro_levels,train_f1_macro_levels,train_accuracy_overall,train_f1_macro_overall,val_accuracy_l1_l2,val_f1_macro_l1_l2,val_accuracy_l2_l3,val_f1_macro_l2_l3,val_accuracy_l3_l4,val_f1_macro_l3_l4,val_accuracy_l4_l5,val_f1_macro_l4_l5,val_accuracy_l5_s1,val_f1_macro_l5_s1,val_accuracy_macro_levels,val_f1_macro_levels,val_accuracy_overall,val_f1_macro_overall,test_accuracy_l1_l2,test_f1_macro_l1_l2,test_accuracy_l2_l3,test_f1_macro_l2_l3,test_accuracy_l3_l4,test_f1_macro_l3_l4,test_accuracy_l4_l5,test_f1_macro_l4_l5,test_accuracy_l5_s1,test_f1_macro_l5_s1,test_accuracy_macro_levels,test_f1_macro_levels,test_accuracy_overall,test_f1_macro_overall
1,0.7176890160962056,0.7165217492891395,0.737300506344548,0.7155555636794478,0.6831954196378759,0.7346007661901046,5.51168417930603,0.9375494071146245,0.32258941928464574,0.8260869565217391,0.30158730158730157,0.6798418972332015,0.2698039215686275,0.45849802371541504,0.2095754290876242,0.7209486166007905,0.27928341754708313,0.7245849802371541,0.2765678978150564,0.7245849802371541,0.2801002322454468,0.9296296296296296,0.32117722328854764,0.8037037037037037,0.29705681040383297,0.6666666666666666,0.26666666666666666,0.48148148148148145,0.21666666666666667,0.6962962962962963,0.27365356622998543,0.7155555555555555,0.2750441866511399,0.7155555555555555,0.2780656303972366,0.9277566539923955,0.32084155161078237,0.8403041825095057,0.30440771349862256,0.7072243346007605,0.2761692650334076,0.4828897338403042,0.2170940170940171,0.714828897338403,0.2779009608277901,0.7346007604562738,0.2792827016129239,0.7346007604562738,0.28233231039017975
2,0.7112237943490974,0.7196838072872915,0.7378297673331367,0.7155555636794478,0.6972500049569308,0.7346007661901046,5.386796712875366,0.9375494071146245,0.32258941928464574,0.8260869565217391,0.30158730158730157,0.6798418972332015,0.2698039215686275,0.45849802371541504,0.2095754290876242,0.7209486166007905,0.27928341754708313,0.7245849802371541,0.2765678978150564,0.7245849802371541,0.2801002322454468,0.9296296296296296,0.32117722328854764,0.8037037037037037,0.29705681040383297,0.6666666666666666,0.26666666666666666,0.48148148148148145,0.21666666666666667,0.6962962962962963,0.27365356622998543,0.7155555555555555,0.2750441866511399,0.7155555555555555,0.2780656303972366,0.9277566539923955,0.32084155161078237,0.8403041825095057,0.30440771349862256,0.7072243346007605,0.2761692650334076,0.4828897338403042,0.2170940170940171,0.714828897338403,0.2779009608277901,0.7346007604562738,0.2792827016129239,0.7346007604562738,0.28233231039017975
3,0.7035760189704744,0.7218972451130863,0.738556558114511,0.7155555636794478,0.685479304636386,0.7346007661901046,5.378823518753052,0.9375494071146245,0.32258941928464574,0.8260869565217391,0.30158730158730157,0.6798418972332015,0.2698039215686275,0.45849802371541504,0.2095754290876242,0.7209486166007905,0.27928341754708313,0.7245849802371541,0.2765678978150564,0.7245849802371541,0.2801002322454468,0.9296296296296296,0.32117722328854764,0.8037037037037037,0.29705681040383297,0.6666666666666666,0.26666666666666666,0.48148148148148145,0.21666666666666667,0.6962962962962963,0.27365356622998543,0.7155555555555555,0.2750441866511399,0.7155555555555555,0.2780656303972366,0.9277566539923955,0.32084155161078237,0.8403041825095057,0.30440771349862256,0.7072243346007605,0.2761692650334076,0.4828897338403042,0.2170940170940171,0.714828897338403,0.2779009608277901,0.7346007604562738,0.2792827016129239,0.7346007604562738,0.28233231039017975
4,0.6986793937183652,0.7237944783900566,0.7451881037818061,0.6814814876627039,0.6892391905585169,0.7026616027826592,5.543600082397461,0.9375494071146245,0.32258941928464574,0.8260869565217391,0.30158730158730157,0.6798418972332015,0.2698039215686275,0.341501976284585,0.2010467474647539,0.7209486166007905,0.27928341754708313,0.7011857707509882,0.27486216149048237,0.7011857707509881,0.3877045361228797,0.9296296296296296,0.32117722328854764,0.8037037037037037,0.29705681040383297,0.6666666666666666,0.26666666666666666,0.3111111111111111,0.194652947625875,0.6962962962962963,0.27365356622998543,0.6814814814814815,0.27064144284298153,0.6814814814814815,0.37311539647413755,0.9277566539923955,0.32084155161078237,0.8403041825095057,0.30440771349862256,0.7072243346007605,0.2761692650334076,0.3231939163498099,0.19748028721201707,0.714828897338403,0.2779009608277901,0.7026615969581749,0.27535995563652393,0.7026615969581749,0.38245171785072724
5,0.6927303101705469,0.720474321804499,0.7340947398432979,0.7148148236451326,0.6842831672371114,0.7338403113214689,5.509777784347534,0.9375494071146245,0.32258941928464574,0.8260869565217391,0.30158730158730157,0.6798418972332015,0.2698039215686275,0.45691699604743086,0.21271324694081403,0.7209486166007905,0.27928341754708313,0.7242687747035573,0.27719546138569434,0.7242687747035573,0.28127880174901815,0.9296296296296296,0.32117722328854764,0.8037037037037037,0.29705681040383297,0.6666666666666666,0.26666666666666666,0.4777777777777778,0.22382154882154884,0.6962962962962963,0.27365356622998543,0.7148148148148148,0.27647516308211634,0.7148148148148148,0.28070225197118387,0.9277566539923955,0.32084155161078237,0.8403041825095057,0.30440771349862256,0.7072243346007605,0.2761692650334076,0.4790874524714829,0.22366494401378123,0.714828897338403,0.2779009608277901,0.7338403041825095,0.2805968869968768,0.7338403041825095,0.2849082179552643
6,0.6748412569520973,0.7253755073773531,0.6848170779369496,0.7244444555706449,0.6533320376174985,0.7368821341955163,5.37593150138855,0.9375494071146245,0.32258941928464574,0.8260869565217391,0.30158730158730157,0.6798418972332015,0.2699309478970496,0.4790513833992095,0.2797499313792113,0.7209486166007905,0.27928341754708313,0.728695652173913,0.29062820353905827,0.7286956521739131,0.30892830746133015,0.9296296296296296,0.32117722328854764,0.8037037037037037,0.29705681040383297,0.6666666666666666,0.26666666666666666,0.5259259259259259,0.32957096806862063,0.6962962962962963,0.27365356622998543,0.7244444444444443,0.2976250469315307,0.7244444444444444,0.32290868598344374,0.9277566539923955,0.32084155161078237,0.8403041825095057,0.30440771349862256,0.7072243346007605,0.2761692650334076,0.49429657794676807,0.25170397257511595,0.714828897338403,0.2779009608277901,0.7368821292775666,0.2862046927091437,0.7368821292775666,0.294122069358078
7,0.6541706503144366,0.7369170067574196,0.6757210086893153,0.7207407509839093,0.6393102040308963,0.7292775759905463,5.992408275604248,0.9375494071146245,0.32258941928464574,0.8260869565217391,0.30158730158730157,0.6798418972332015,0.2698039215686275,0.47193675889328063,0.35806396688322395,0.7209486166007905,0.27928341754708313,0.7272727272727273,0.30626560537417635,0.7272727272727273,0.38053971136230796,0.9296296296296296,0.32117722328854764,0.8037037037037037,0.29705681040383297,0.6666666666666666,0.26666666666666666,0.5074074074074074,0.38494502130865765,0.6962962962962963,0.27365356622998543,0.7207407407407407,0.30869985757953805,0.7207407407407408,0.37762706686523845,0.9277566539923955,0.32084155161078237,0.8403041825095057,0.30440771349862256,0.7072243346007605,0.2761692650334076,0.45627376425855515,0.3438792238616066,0.714828897338403,0.2779009608277901,0.7292775665399239,0.30463974296644186,0.7292775665399239,0.3724569046269573
8,0.6255442715445055,0.7422925017332371,0.602802116782577,0.7503703814965708,0.5927494768860676,0.7581749187902805,5.472365379333496,0.9375494071146245,0.32258941928464574,0.807905138339921,0.4351428269373084,0.7256916996047431,0.5341932807969633,0.5992094861660079,0.5318311001027544,0.7209486166007905,0.27928341754708313,0.7582608695652173,0.420608008933751,0.7582608695652174,0.5319868180408778,0.9296296296296296,0.32117722328854764,0.7592592592592593,0.4051504051504051,0.7333333333333333,0.5473684210526315,0.6333333333333333,0.5495913877101996,0.6962962962962963,0.27365356622998543,0.7503703703703704,0.41938820068635385,0.7503703703703704,0.5339651939207568,0.9277566539923955,0.32084155161078237,0.8365019011406845,0.4696867252648185,0.7262357414448669,0.5335182385693998,0.5855513307984791,0.5117742005845657,0.714828897338403,0.2779009608277901,0.7581749049429657,0.42274433537147127,0.7581749049429658,0.5308654332831892
9,0.6165049723485713,0.7497233302696892,0.7152360298015453,0.7007407532797919,0.6731122324221941,0.7186311874326191,5.69562554359436,0.9375494071146245,0.32258941928464574,0.8260869565217391,0.30158730158730157,0.6798418972332015,0.2698039215686275,0.4134387351778656,0.2950991469239645,0.7209486166007905,0.27928341754708313,0.7155731225296442,0.29367264138232446,0.7155731225296442,0.39352170925823254,0.9296296296296296,0.32117722328854764,0.8037037037037037,0.29705681040383297,0.6666666666666666,0.26666666666666666,0.4074074074074074,0.30870870870870876,0.6962962962962963,0.27365356622998543,0.7007407407407407,0.2934525950595483,0.7007407407407408,0.3778128111516761,0.9277566539923955,0.32084155161078237,0.8403041825095057,0.30440771349862256,0.7072243346007605,0.2761692650334076,0.40304182509505704,0.30175356921166974,0.714828897338403,0.2779009608277901,0.7186311787072244,0.2962146120364545,0.7186311787072244,0.3815257919138865
10,0.6413970879415278,0.732648232143387,0.6304862296139753,0.736296307599103,0.6076126429517913,0.7399239677213444,5.464177846908569,0.9375494071146245,0.32258941928464574,0.8260869565217391,0.30158730158730157,0.6782608695652174,0.269811320754717,0.5462450592885375,0.4855624421413895,0.7209486166007905,0.27928341754708313,0.7418181818181818,0.3317667802630274,0.7418181818181818,0.4382924617797416,0.9296296296296296,0.32117722328854764,0.8037037037037037,0.29705681040383297,0.6666666666666666,0.2788629626814623,0.5851851851851851,0.5472374914545397,0.6962962962962963,0.27365356622998543,0.7362962962962962,0.3435976108116736,0.7362962962962963,0.46889633196626307,0.9277566539923955,0.32084155161078237,0.8403041825095057,0.30440771349862256,0.7072243346007605,0.2761692650334076,0.5095057034220533,0.46893516448861766,0.714828897338403,0.2779009608277901,0.7399239543726236,0.32965093109184407,0.7399239543726236,0.4454246258764442
11,0.5882286061411318,0.7558893387025524,0.5852002545639321,0.7607407494827553,0.5688331770806259,0.7596958296607202,5.314681053161621,0.9375494071146245,0.32258941928464574,0.8260869565217391,0.30158730158730157,0.7407114624505929,0.4564183882374837,0.5960474308300395,0.5344546049879869,0.7209486166007905,0.27928341754708313,0.7642687747035574,0.3788666263289002,0.7642687747035574,0.5308943614584735,0.9296296296296296,0.32117722328854764,0.8037037037037037,0.29705681040383297,0.737037037037037,0.46486887679366645,0.6370370370370371,0.5537509020740085,0.6962962962962963,0.27365356622998543,0.7607407407407407,0.38210147575800824,0.7607407407407407,0.5298967621291903,0.9277566539923955,0.32084155161078237,0.8403041825095057,0.30440771349862256,0.7300380228136882,0.4251105216622458,0.5855513307984791,0.5246233332440229,0.714828897338403,0.2779009608277901,0.7596958174904943,0.37057681616869276,0.7596958174904943,0.5089401567100246
12,0.5674062174770672,0.7647430946940019,0.5760869745854978,0.757777785813367,0.5625936259788252,0.7627376568408066,5.188157081604004,0.9375494071146245,0.32258941928464574,0.8395256916996048,0.39756055888345715,0.7312252964426877,0.4610889997257068,0.5928853754940712,0.5379708847719026,0.7209486166007905,0.32438721250560576,0.7644268774703558,0.4087194150342636,0.7644268774703558,0.5473316306529887,0.9296296296296296,0.32117722328854764,0.8037037037037037,0.35754907356448357,0.7296296296296296,0.46255707762557075,0.6259259259259259,0.5661324786324786,0.7,0.36068720606584126,0.7577777777777778,0.41362061183538434,0.7577777777777778,0.5416617326952905,0.9277566539923955,0.32084155161078237,0.8593155893536122,0.40050054442331756,0.7414448669201521,0.44924843776389123,0.5665399239543726,0.4990408820317603,0.7186311787072244,0.30580549368968074,0.7627376425855513,0.3950873819038864,0.7627376425855513,0.5268685316307358
13,0.5610922208181012,0.7693280765190426,0.5720333534258383,0.7555555688010321,0.5583196787779775,0.7695817615369427,5.524899482727051,0.9375494071146245,0.32258941928464574,0.841106719367589,0.4393120590928761,0.7446640316205534,0.4591374301675977,0.6094861660079052,0.5460096352334615,0.7209486166007905,0.27928341754708313,0.7707509881422925,0.4092663922651328,0.7707509881422925,0.5434863416324306,0.9296296296296296,0.32117722328854764,0.7777777777777778,0.3674074074074074,0.737037037037037,0.4695653313414842,0.6370370370370371,0.576832869722964,0.6962962962962963,0.27365356622998543,0.7555555555555555,0.40172727959807775,0.7555555555555555,0.5377681544280509,0.9277566539923955,0.32084155161078237,0.870722433460076,0.45463875205254517,0.7376425855513308,0.43793781975600155,0.596958174904943,0.5449233964815581,0.714828897338403,0.2779009608277901,0.7695817490494296,0.4072484961457355,0.7695817490494297,0.5376471656116594
14,0.551880283600728,0.7716996187749117,0.5706320009849689,0.7703703822912993,0.5480465234005859,0.7771863242745852,5.503743410110474,0.9375494071146245,0.32258941928464574,0.8324110671936759,0.4645900920317309,0.7328063241106719,0.5942664604013443,0.6252964426877471,0.5896005669642913,0.7209486166007905,0.27928341754708313,0.7698023715415019,0.45006599124581903,0.769802371541502,0.5756068089736762,0.9296296296296296,0.32117722328854764,0.7814814814814814,0.38952110004741586,0.7888888888888889,0.6724361997123242,0.6555555555555556,0.6173780359092197,0.6962962962962963,0.27365356622998543,0.7703703703703704,0.45483322503749857,0.7703703703703704,0.5811938114470192,0.9277566539923955,0.32084155161078237,0.8745247148288974,0.462556600487635,0.7566539923954373,0.5657020380962673,0.6121673003802282,0.5625165395280338,0.714828897338403,0.2779009608277901,0.7771863117870723,0.43790353811010174,0.7771863117870722,0.543552211003154
15,0.5452849486894287,0.7756521839398169,0.5840729110770755,0.7666666790291116,0.5538256936653485,0.7711026735405505,5.32796049118042,0.9375494071146245,0.32258941928464574,0.8363636363636363,0.3641678453559642,0.7462450592885376,0.5241811274710698,0.6379446640316205,0.5971578086073117,0.7209486166007905,0.27928341754708313,0.7758102766798418,0.41747592365321495,0.7758102766798419,0.5470426896535013,0.9296296296296296,0.32117722328854764,0.8111111111111111,0.33522603188469097,0.7444444444444445,0.5102301790281331,0.6518518518518519,0.5997709617463248,0.6962962962962963,0.27365356622998543,0.7666666666666666,0.4080115924355364,0.7666666666666667,0.5289953117097238,0.9277566539923955,0.32084155161078237,0.844106463878327,0.33910833910833915,0.7566539923954373,0.48305193257914375,0.6121673003802282,0.5505998342276317,0.714828897338403,0.2779009608277901,0.7711026615969582,0.3943005236707374,0.7711026615969582,0.5037088699803164
16,0.5464595646726285,0.7724901319256884,0.5602238372520164,0.7681481608638057,0.5399641972530931,0.7802281453355637,5.603330135345459,0.9375494071146245,0.32258941928464574,0.841106719367589,0.4666536055274741,0.7533596837944664,0.575011549715107,0.6237154150197628,0.6065859321156347,0.7209486166007905,0.27928341754708313,0.7753359683794466,0.45002478483798897,0.7753359683794466,0.5899232511507173,0.9296296296296296,0.32117722328854764,0.7925925925925926,0.3899868247694334,0.7555555555555555,0.5203821596155835,0.6666666666666666,0.6370872901126532,0.6962962962962963,0.27365356622998543,0.7681481481481481,0.4284574128032406,0.7681481481481481,0.5639270703913407,0.9277566539923955,0.32084155161078237,0.8745247148288974,0.4560755336617406,0.7490494296577946,0.45287267208226334,0.6349809885931559,0.6101858304297328,0.714828897338403,0.2779009608277901,0.7802281368821292,0.4235753097224618,0.7802281368821293,0.5546990504924411
17,0.5503026879352072,0.7729644409752646,0.5704276376300388,0.7674074142067521,0.5480938281849763,0.7756654075116712,5.577625036239624,0.9375494071146245,0.32258941928464574,0.8395256916996048,0.4112058264649994,0.7407114624505929,0.44628128425938507,0.6403162055335968,0.5946143011736625,0.7209486166007905,0.27928341754708313,0.7758102766798418,0.41079484974595515,0.7758102766798419,0.5459890284019074,0.9296296296296296,0.32117722328854764,0.8,0.3631150211795373,0.737037037037037,0.4511598689819177,0.674074074074074,0.6156902045431185,0.6962962962962963,0.27365356622998543,0.7674074074074074,0.4049591768446213,0.7674074074074074,0.5380344639795221,0.9277566539923955,0.32084155161078237,0.8631178707224335,0.4108726227603498,0.7452471482889734,0.41401327115612835,0.6273764258555133,0.5682976815158414,0.714828897338403,0.2779009608277901,0.7756653992395438,0.3983852175741784,0.7756653992395437,0.5181753750370481
18,0.5345238799634187,0.7786561373429808,0.5643398311403063,0.7681481621883534,0.5420222252947297,0.7825095147007772,5.4630491733551025,0.9375494071146245,0.32258941928464574,0.841897233201581,0.4147040661752639,0.7636363636363637,0.5951043421713812,0.6434782608695652,0.6174705425372868,0.7209486166007905,0.27928341754708313,0.781501976284585,0.4458303575431322,0.781501976284585,0.5847720345107642,0.9296296296296296,0.32117722328854764,0.7925925925925926,0.35010033264649243,0.762962962962963,0.613520268808933,0.6592592592592592,0.6263245809002114,0.6962962962962963,0.27365356622998543,0.7681481481481482,0.43695519437483393,0.7681481481481481,0.5738033203662448,0.9277566539923955,0.32084155161078237,0.870722433460076,0.4398581300067266,0.7490494296577946,0.5320357672338546,0.6501901140684411,0.627768680928544,0.714828897338403,0.2779009608277901,0.782509505703422,0.4396810181215395,0.782509505703422,0.5733368352401055
19,0.5367682777551323,0.7766008041592926,0.5679124059500518,0.7703703774346246,0.5641309940769645,0.7749049549093718,5.718537330627441,0.9375494071146245,0.32258941928464574,0.850592885375494,0.457520577959377,0.758893280632411,0.5807359589070811,0.6189723320158103,0.5453917689205569,0.7209486166007905,0.27928341754708313,0.777391304347826,0.4371042285237488,0.7773913043478261,0.5487856686555076,0.9296296296296296,0.32117722328854764,0.7925925925925926,0.3750915750915751,0.7777777777777778,0.6394368039057562,0.6555555555555556,0.5651554593388496,0.6962962962962963,0.27365356622998543,0.7703703703703704,0.4349029255709428,0.7703703703703704,0.5484805471170348,0.9277566539923955,0.32084155161078237,0.8631178707224335,0.4381250932975071,0.7566539923954373,0.544620412267471,0.6121673003802282,0.5226430607662537,0.714828897338403,0.2779009608277901,0.7749049429657795,0.42082621575396084,0.7749049429657795,0.5188206705928294
20,0.5340518946704186,0.7762845971367576,0.5647437024999548,0.7711111214425829,0.5636688318995922,0.7695817596105569,5.3631205558776855,0.9375494071146245,0.32258941928464574,0.8363636363636363,0.46563595445456746,0.7557312252964427,0.6080472986129505,0.6545454545454545,0.6102000036697425,0.7209486166007905,0.27928341754708313,0.7810276679841898,0.4571512187137978,0.7810276679841898,0.5838672160128678,0.9296296296296296,0.32117722328854764,0.774074074074074,0.40234392607617764,0.7777777777777778,0.6743317575000742,0.6777777777777778,0.6187364819608977,0.6962962962962963,0.27365356622998543,0.7711111111111111,0.45804859101113654,0.7711111111111111,0.5870494772296572,0.9277566539923955,0.32084155161078237,0.870722433460076,0.49652283862810176,0.714828897338403,0.522324025596277,0.6197718631178707,0.5749079848631052,0.714828897338403,0.2779009608277901,0.7695817490494296,0.4384994723052113,0.7695817490494297,0.5566125313589914
21,0.5330893009783251,0.7803952680746086,0.5512856125831604,0.7659259367872168,0.5305389469567361,0.7749049528696691,5.395640850067139,0.9375494071146245,0.32258941928464574,0.850592885375494,0.5037421618493206,0.7620553359683795,0.5234359050314231,0.6703557312252965,0.635149717030521,0.7209486166007905,0.27928341754708313,0.788300395256917,0.45284012414859875,0.788300395256917,0.5758292225309715,0.9296296296296296,0.32117722328854764,0.8111111111111111,0.46731632236768905,0.7333333333333333,0.46948104584894573,0.6592592592592592,0.6122829885015268,0.6962962962962963,0.27365356622998543,0.7659259259259258,0.428782229247339,0.7659259259259259,0.5387076789854567,0.9277566539923955,0.32084155161078237,0.8593155893536122,0.4215459126906211,0.7452471482889734,0.4064989297118995,0.6273764258555133,0.5870960290315129,0.714828897338403,0.2779009608277901,0.7749049429657795,0.4027766767745212,0.7749049429657795,0.5241723864497005
22,0.524478314257422,0.7852964550610116,0.5463796299916727,0.7733333450776559,0.5259382090187797,0.7787072355982921,5.2772557735443115,0.9375494071146245,0.32258941928464574,0.8521739130434782,0.47120088897810014,0.750197628458498,0.6067404558200034,0.6656126482213439,0.6342137666988955,0.7209486166007905,0.27928341754708313,0.785296442687747,0.4628055896657456,0.785296442687747,0.5950736090084835,0.9296296296296296,0.32117722328854764,0.7851851851851852,0.3780126938318851,0.7814814814814814,0.6492019862680557,0.674074074074074,0.6411744840938804,0.6962962962962963,0.27365356622998543,0.7733333333333332,0.45264399074247086,0.7733333333333333,0.5845995419320628,0.9277566539923955,0.32084155161078237,0.8783269961977186,0.4809941520467837,0.7338403041825095,0.5426055426055426,0.6387832699619772,0.6098624338624339,0.714828897338403,0.2779009608277901,0.7787072243346007,0.4464409281906666,0.7787072243346007,0.5710339614926664
23,0.5117683210862956,0.7879842019363825,0.5789704235615554,0.7622222308759337,0.5495849915783668,0.7711026771666886,5.555952787399292,0.9375494071146245,0.32258941928464574,0.8403162055335969,0.38174817597149996,0.7351778656126482,0.4374691989840403,0.6482213438735178,0.61666203893513,0.7209486166007905,0.27928341754708313,0.7764426877470355,0.4075504501444798,0.7764426877470356,0.5361040241823007,0.9296296296296296,0.32117722328854764,0.7962962962962963,0.3285802108167274,0.7185185185185186,0.4406649616368286,0.6703703703703704,0.6512264857429442,0.6962962962962963,0.27365356622998543,0.7622222222222222,0.40306048954300666,0.7622222222222222,0.5390124361898555,0.9277566539923955,0.32084155161078237,0.8669201520912547,0.4235526966848095,0.7376425855513308,0.41330773320012937,0.6083650190114068,0.5758420441347271,0.714828897338403,0.2779009608277901,0.7711026615969582,0.40228899729164763,0.7711026615969582,0.5180072312017968
24,0.5121753313795852,0.7849802493106707,0.5453374553609778,0.7711111192350034,0.5120338135799074,0.7863117958429648,5.425536632537842,0.9375494071146245,0.32258941928464574,0.8521739130434782,0.4793357126611732,0.7541501976284585,0.599778657266996,0.6901185770750988,0.6493156834203538,0.7209486166007905,0.27928341754708313,0.79098814229249,0.4660605780360504,0.7909881422924901,0.6017227310341269,0.9296296296296296,0.32117722328854764,0.7851851851851852,0.4105360850387975,0.7592592592592593,0.6144731040564374,0.6851851851851852,0.6303923508761621,0.6962962962962963,0.27365356622998543,0.7711111111111111,0.450046465897986,0.7711111111111111,0.5771366816471305,0.9277566539923955,0.32084155161078237,0.8821292775665399,0.5064713513734383,0.752851711026616,0.5735882510076058,0.6539923954372624,0.6084191782572836,0.714828897338403,0.2779009608277901,0.7863117870722433,0.4574442586153801,0.7863117870722434,0.5829746966110603
25,0.513830334843383,0.784980250959811,0.5654345121648576,0.7711111227671306,0.5284218903730125,0.7855513423341308,5.688157558441162,0.9375494071146245,0.32258941928464574,0.8482213438735178,0.4318460717620381,0.7581027667984189,0.5483128742684827,0.6814229249011857,0.6597231969184005,0.7209486166007905,0.27928341754708313,0.7892490118577075,0.44835099595613004,0.7892490118577075,0.5884347725756087,0.9296296296296296,0.32117722328854764,0.7962962962962963,0.3705528188286809,0.7481481481481481,0.5539702007048722,0.6851851851851852,0.6601972254146167,0.6962962962962963,0.27365356622998543,0.7711111111111111,0.4359102068933406,0.7711111111111111,0.5731023361293525,0.9277566539923955,0.32084155161078237,0.8783269961977186,0.45441595441595445,0.7604562737642585,0.5486308949512906,0.6463878326996197,0.6156904729014135,0.714828897338403,0.2779009608277901,0.785551330798479,0.44349596694144616,0.785551330798479,0.5683276328916738
26,0.5076605144520051,0.7848221435848433,0.538387120211566,0.7703703831743312,0.5189655867366283,0.788593165434812,5.392697811126709,0.9375494071146245,0.32258941928464574,0.8513833992094861,0.45150588453340745,0.7399209486166007,0.4989111050999604,0.6861660079051384,0.6544486877800728,0.7209486166007905,0.27928341754708313,0.7871936758893281,0.4413477028490339,0.7871936758893281,0.5840183773781563,0.9296296296296296,0.32117722328854764,0.8074074074074075,0.39169836127154056,0.737037037037037,0.5008008614307826,0.6814814814814815,0.638298317055693,0.6962962962962963,0.27365356622998543,0.7703703703703704,0.42512566585530986,0.7703703703703704,0.560696800690365,0.9277566539923955,0.32084155161078237,0.8783269961977186,0.45943304007820135,0.7566539923954373,0.4694055944055944,0.6653992395437263,0.6380593182824259,0.714828897338403,0.2779009608277901,0.7885931558935361,0.4331280930409588,0.7885931558935361,0.5783780880887814
27,0.4929497653787786,0.784822142925187,0.5581429541110993,0.757777785371851,0.520387916737183,0.7847908867855943,5.438743591308594,0.9375494071146245,0.32258941928464574,0.8458498023715415,0.4644621070879534,0.750197628458498,0.562536598051778,0.675098814229249,0.6316442813880162,0.7209486166007905,0.27928341754708313,0.7859288537549407,0.45210316467189526,0.7859288537549407,0.5779683164095499,0.9296296296296296,0.32117722328854764,0.7814814814814814,0.38392857142857145,0.7407407407407407,0.565325421431032,0.6407407407407407,0.5804029350150072,0.6962962962962963,0.27365356622998543,0.7577777777777778,0.42489754347862874,0.7577777777777778,0.5365633243156253,0.9277566539923955,0.32084155161078237,0.8821292775665399,0.48441063758350406,0.7414448669201521,0.4931515931515931,0.6577946768060836,0.606899641577061,0.714828897338403,0.2779009608277901,0.7847908745247147,0.43664087695014614,0.7847908745247149,0.5517799043157651
28,0.5033308636529643,0.7860869704027892,0.5303277080809629,0.780000012450748,0.5072006658002904,0.7870722527513032,5.566665887832642,0.9375494071146245,0.32258941928464574,0.8561264822134388,0.4914711212948468,0.7581027667984189,0.5932628105467453,0.7019762845849803,0.6749505888825768,0.7209486166007905,0.27928341754708313,0.7949407114624505,0.4723114715111795,0.7949407114624506,0.6124948257764166,0.9296296296296296,0.32117722328854764,0.7925925925925926,0.39616402116402116,0.762962962962963,0.6137291280148424,0.7185185185185186,0.6889826231163027,0.6962962962962963,0.27365356622998543,0.78,0.45874131236273985,0.78,0.5935741393091908,0.9277566539923955,0.32084155161078237,0.8783269961977186,0.4809941520467837,0.7452471482889734,0.5299500523100806,0.6692015209125475,0.6418255282662062,0.714828897338403,0.2779009608277901,0.7870722433460076,0.4503024490123286,0.7870722433460076,0.5820011473911215
29,0.491215781732039,0.7914624618447346,0.5355090774871685,0.7755555669466655,0.515730830879719,0.7855513468668035,5.787171363830566,0.9375494071146245,0.32258941928464574,0.8490118577075099,0.4682828648939559,0.7723320158102767,0.6127122336542058,0.7106719367588933,0.7015960569648038,0.7209486166007905,0.27928341754708313,0.7981027667984189,0.47689279846893884,0.798102766798419,0.6311920643370087,0.9296296296296296,0.32117722328854764,0.7962962962962963,0.40039909769217424,0.7777777777777778,0.6366899668607449,0.6777777777777778,0.6614161688570291,0.6962962962962963,0.27365356622998543,0.7755555555555554,0.45866720458569626,0.7755555555555556,0.5984549087325512,0.9277566539923955,0.32084155161078237,0.8783269961977186,0.4829518483785442,0.7604562737642585,0.5871676710386388,0.6463878326996197,0.6347433285557864,0.714828897338403,0.2779009608277901,0.785551330798479,0.46072107208230834,0.785551330798479,0.5993680417191026
30,0.4887671873503523,0.7908300515220099,0.5367451060701299,0.7748148229387072,0.508000463360616,0.7832699754618874,5.682734727859497,0.9375494071146245,0.32258941928464574,0.8545454545454545,0.4686871474036804,0.7762845849802371,0.612160381440709,0.7138339920948616,0.7007459067773377,0.7209486166007905,0.27928341754708313,0.8006324110671936,0.4766932544906911,0.8006324110671936,0.6279597090354615,0.9296296296296296,0.3217948717948718,0.8037037037037037,0.404138249151593,0.737037037037037,0.5351964100745196,0.7074074074074074,0.6930468995229297,0.6962962962962963,0.27365356622998543,0.7748148148148147,0.4455659993547799,0.7748148148148148,0.5855904223088683,0.9239543726235742,0.3201581027667984,0.8745247148288974,0.4742451988542988,0.7490494296577946,0.512153730061342,0.6539923954372624,0.6383857535564373,0.714828897338403,0.2779009608277901,0.7832699619771863,0.4445687492133333,0.7832699619771863,0.5766976710660114
31,0.485674050532782,0.7950988266779029,0.5302736776846426,0.7740740837874236,0.5075337526462831,0.7840304248913159,5.224421977996826,0.9375494071146245,0.32258941928464574,0.8569169960474309,0.48071746880570415,0.7596837944664032,0.6019982302894492,0.6972332015810276,0.6614518764950718,0.7209486166007905,0.27928341754708313,0.7944664031620553,0.4692080824843908,0.7944664031620553,0.6018447064444441,0.9296296296296296,0.32117722328854764,0.7962962962962963,0.4107865168539326,0.7592592592592593,0.618866186358789,0.6888888888888889,0.6461399893928049,0.6962962962962963,0.27365356622998543,0.774074074074074,0.4541246964248119,0.774074074074074,0.5794352954691594,0.9239543726235742,0.3201581027667984,0.870722433460076,0.484021164021164,0.7452471482889734,0.5661798696214115,0.6653992395437263,0.6230418327192521,0.714828897338403,0.2779009608277901,0.7840304182509505,0.4542603859912832,0.7840304182509505,0.5743424620726381
32,0.47489208887688256,0.7973122659408056,0.5365867802390346,0.7755555638560543,0.5128311382273757,0.795437272623918,5.027041912078857,0.9375494071146245,0.32258941928464574,0.8482213438735178,0.44672561144363065,0.7762845849802371,0.6201054127304494,0.7209486166007905,0.695925037344674,0.7209486166007905,0.27928341754708313,0.800790513833992,0.4729257796700965,0.8007905138339921,0.6203879123259577,0.9296296296296296,0.32117722328854764,0.8037037037037037,0.38888888888888884,0.7333333333333333,0.5622617102396513,0.7148148148148148,0.6861305680918149,0.6962962962962963,0.27365356622998543,0.7755555555555556,0.44642239134777767,0.7755555555555556,0.5802903708564723,0.9277566539923955,0.32084155161078237,0.8745247148288974,0.4705565155581701,0.7680608365019012,0.5880845764049324,0.6920152091254753,0.658134160433011,0.714828897338403,0.2779009608277901,0.7954372623574144,0.4631035529669371,0.7954372623574144,0.5975430771042317
33,0.47372914821262885,0.8017391418279867,0.5343583408329222,0.778518529733022,0.5110353836541847,0.7878327112460771,5.723088264465332,0.9391304347826087,0.36800436800436803,0.8434782608695652,0.49129582801040267,0.7612648221343874,0.6041064104640816,0.7193675889328063,0.694954446944117,0.7209486166007905,0.27928341754708313,0.7968379446640316,0.48752889419401046,0.7968379446640316,0.6179631256148376,0.9259259259259259,0.36274983881366857,0.7962962962962963,0.45291979469194654,0.7518518518518519,0.6264824604752243,0.7222222222222222,0.697365038845235,0.6962962962962963,0.27365356622998543,0.7785185185185186,0.48263413981121195,0.7785185185185185,0.6063986410409754,0.9239543726235742,0.3201581027667984,0.8745247148288974,0.49239185110663986,0.7566539923954373,0.5849744914861194,0.6692015209125475,0.6401275917065391,0.714828897338403,0.2779009608277901,0.7878326996197719,0.4631105995787773,0.7878326996197719,0.5924476234326306
34,0.4780208357473607,0.7952569290583312,0.5445951911034408,0.7755555665051496,0.52281118187161,0.7756654093247403,5.030165195465088,0.9375494071146245,0.4115049922139782,0.8450592885375494,0.4739393939393939,0.7573122529644268,0.5956260871679069,0.7328063241106719,0.7140114053583231,0.7209486166007905,0.27928341754708313,0.7987351778656125,0.49487305924533703,0.7987351778656127,0.6231789443615013,0.9222222222222223,0.35962912296701627,0.8074074074074075,0.4233989775546079,0.7407407407407407,0.5711530748075598,0.7111111111111111,0.6916065416065416,0.6962962962962963,0.27365356622998543,0.7755555555555557,0.46388825663314226,0.7755555555555556,0.5878052861664689,0.9163498098859315,0.3187830687830688,0.8745247148288974,0.5630667081647474,0.7300380228136882,0.4979422011680077,0.6425855513307985,0.6171400724032303,0.714828897338403,0.2779009608277901,0.7756653992395438,0.4549666022693689,0.7756653992395437,0.5613965040363782
35,0.4786441888144836,0.7971541612044625,0.558099873860677,0.7570370515187581,0.5440876771741947,0.7642585686177809,5.02825140953064,0.9391304347826087,0.36039440460074695,0.8521739130434782,0.4893774450191206,0.7509881422924901,0.6257551057341583,0.6577075098814229,0.6550572384580482,0.7209486166007905,0.27928341754708313,0.7841897233201581,0.48197352227183143,0.7841897233201581,0.6263986586064437,0.9333333333333333,0.37003394806863016,0.7777777777777778,0.41929371231696816,0.7333333333333333,0.6309967980940852,0.6444444444444445,0.6421266213478004,0.6962962962962963,0.27365356622998543,0.7570370370370371,0.4672209292114939,0.7570370370370371,0.6004543407387463,0.9201520912547528,0.31947194719471944,0.8745247148288974,0.5034934967214877,0.7110266159695817,0.5592884598194333,0.6007604562737643,0.6032735127949485,0.714828897338403,0.2779009608277901,0.7642585551330798,0.4526856754716758,0.7642585551330798,0.5958012248191209
36,0.47046794128041025,0.8004743201459349,0.5269281348696462,0.7777777905817385,0.5083539474599715,0.782509513567609,5.125514984130859,0.9375494071146245,0.32258941928464574,0.8521739130434782,0.47660587609652333,0.758893280632411,0.5987208572762058,0.7233201581027668,0.7071123269012941,0.7209486166007905,0.27928341754708313,0.7985770750988143,0.47686237942115045,0.7985770750988143,0.6217489141680812,0.9296296296296296,0.32117722328854764,0.7888888888888889,0.38793650793650797,0.7518518518518519,0.6124890736595247,0.7222222222222222,0.7022450588587118,0.6962962962962963,0.27365356622998543,0.7777777777777778,0.4595002859946555,0.7777777777777778,0.5970171352551487,0.9277566539923955,0.32084155161078237,0.8745247148288974,0.4776556776556777,0.7490494296577946,0.5659493485580441,0.6463878326996197,0.6197326295751493,0.714828897338403,0.2779009608277901,0.782509505703422,0.4524160336454887,0.782509505703422,0.5736140798044264
37,0.4688728744922419,0.7998419102001567,0.5234571159989746,0.775555572686372,0.5035432935214315,0.7840304291973549,5.070749282836914,0.9375494071146245,0.32258941928464574,0.8624505928853755,0.47773442455619436,0.7628458498023716,0.5955804606210753,0.7351778656126482,0.7218181398355963,0.7209486166007905,0.27928341754708313,0.8037944664031622,0.479401172368919,0.8037944664031621,0.6311839044979592,0.9296296296296296,0.32117722328854764,0.8074074074074075,0.40482387645323614,0.7407407407407407,0.5600123712771765,0.7037037037037037,0.6908852740611312,0.6962962962962963,0.27365356622998543,0.7755555555555556,0.45011046226201545,0.7755555555555556,0.5879103503058797,0.9277566539923955,0.32084155161078237,0.8783269961977186,0.4849978870263418,0.7452471482889734,0.5400477783583272,0.6539923954372624,0.6354624848600752,0.714828897338403,0.2779009608277901,0.7840304182509505,0.4518501325366633,0.7840304182509505,0.5806035057560046
38,0.46304260506460315,0.8022134529272087,0.5305032094319662,0.7792592715334009,0.5068277791425756,0.7870722518447687,4.962761640548706,0.9383399209486166,0.35935680548468546,0.8624505928853755,0.47904108283290436,0.7747035573122529,0.6274275043163985,0.7090909090909091,0.6926618623260059,0.7209486166007905,0.27928341754708313,0.801106719367589,0.48755413450141544,0.8011067193675889,0.6219768953698432,0.9296296296296296,0.3217948717948718,0.8037037037037037,0.39706959706959705,0.7555555555555555,0.6027504000151485,0.7111111111111111,0.6907490568446085,0.6962962962962963,0.27365356622998543,0.7792592592592593,0.4572034983908423,0.7792592592592592,0.5913266170396366,0.9239543726235742,0.3201581027667984,0.8821292775665399,0.4864534911020331,0.7414448669201521,0.5102788670054444,0.6730038022813688,0.646120269114281,0.714828897338403,0.2779009608277901,0.7870722433460077,0.44818233816326936,0.7870722433460076,0.572858145870194
39,0.45736541498319905,0.8017391431944172,0.5276947373593295,0.7770370518719708,0.5087842304443678,0.7878327062601372,4.3989927768707275,0.9383399209486166,0.35899535899535895,0.8584980237154151,0.5290920554492758,0.7699604743083004,0.614198542011995,0.7312252964426877,0.7135029148447213,0.7225296442687748,0.2870952821731388,0.8041106719367589,0.500576830694898,0.8041106719367589,0.6333123609958702,0.9259259259259259,0.36274983881366857,0.8,0.4438571048036226,0.7666666666666667,0.643847072879331,0.6962962962962963,0.6740818323370034,0.6962962962962963,0.27365356622998543,0.777037037037037,0.4796378830127222,0.7770370370370371,0.6006288935261507,0.9163498098859315,0.3187830687830688,0.8745247148288974,0.48021978021978023,0.7490494296577946,0.5840184793673165,0.6844106463878327,0.6678361853612372,0.714828897338403,0.2779009608277901,0.7878326996197719,0.4657516949118386,0.7878326996197719,0.6048139939726238
40,0.45731914929250483,0.8022134502885842,0.5241088315292641,0.7755555748939514,0.506343617412074,0.7825095169671135,5.032477855682373,0.9391304347826087,0.40650741350906094,0.8656126482213439,0.5899879851635712,0.7691699604743083,0.6298679945217297,0.733596837944664,0.7254524951467397,0.7233201581027668,0.28740207769392423,0.8061660079051384,0.5278435932070052,0.8061660079051384,0.6521118054464861,0.9222222222222223,0.35962912296701627,0.7925925925925926,0.4584952465375485,0.762962962962963,0.6465063498961804,0.7037037037037037,0.6964848484848485,0.6962962962962963,0.27365356622998543,0.7755555555555556,0.48695382682311583,0.7755555555555556,0.615451598256968,0.9125475285171103,0.31809145129224653,0.8821292775665399,0.583681917211329,0.7376425855513308,0.5841372124094637,0.6653992395437263,0.6546584431361554,0.714828897338403,0.2779009608277901,0.7825095057034221,0.48369399697539694,0.782509505703422,0.6073748243328159
41,0.4587019242788021,0.8028458633912882,0.5252182869999497,0.7770370531965185,0.5025244729147211,0.7847908847458915,5.477473497390747,0.9430830039525692,0.40801012519716257,0.8687747035573122,0.5593032594744568,0.7652173913043478,0.6160466731950601,0.7359683794466403,0.7206346381247869,0.7217391304347827,0.2819758672699849,0.8069565217391304,0.5171941126522902,0.8069565217391305,0.6431736131731096,0.9259259259259259,0.36274983881366857,0.8111111111111111,0.47995129870129866,0.7444444444444445,0.6118638964167419,0.7074074074074074,0.6931538899084538,0.6962962962962963,0.27365356622998543,0.777037037037037,0.48427449801402966,0.7770370370370371,0.6088218874192339,0.9201520912547528,0.31947194719471944,0.870722433460076,0.4768778944990399,0.7414448669201521,0.564781601051031,0.6768060836501901,0.6599343096158382,0.714828897338403,0.2779009608277901,0.7847908745247149,0.45979334263768373,0.7847908745247149,0.5980893871278395
42,0.45491345183180254,0.8044268908236809,0.5250129800151896,0.7762963140452349,0.5010904107710255,0.7863117928967276,5.217599630355835,0.941501976284585,0.3926206361630716,0.8616600790513834,0.5459837163435609,0.7739130434782608,0.6324551133712224,0.7375494071146245,0.7217219854485971,0.7225296442687748,0.28464878671775223,0.8074308300395258,0.5154860476088408,0.8074308300395256,0.6451173440742303,0.9259259259259259,0.36274983881366857,0.8,0.43140482686732096,0.7481481481481481,0.6056729686756496,0.7111111111111111,0.6952267041273664,0.6962962962962963,0.27365356622998543,0.7762962962962963,0.47374158094279817,0.7762962962962963,0.6002205183943756,0.9201520912547528,0.31947194719471944,0.8783269961977186,0.4816849816849817,0.7338403041825095,0.5581696509314523,0.6844106463878327,0.6645967598840898,0.714828897338403,0.2779009608277901,0.7863117870722433,0.4603648601046067,0.7863117870722434,0.5971503996795825
